Non-zero bins for j_upper=3, j_lower=4:
-128
-127
-126
-125
-124
-123
-122
-121
-120
-119
-118
-117
-116
-115
-114
-113
-96
-95
-94
-93
-92
-91
-90
-89
-88
-87
-86
-85
-84
-83
-82
-81
-64
-63
-62
-61
-60
-59
-58
-57
-56
-55
-54
-53
-52
-51
-50
-49
-32
-31
-30
-29
-28
-27
-26
-25
-24
-23
-22
-21
-20
-19
-18
-17
0
1
2
3
4
5
6
7
8
9
10
11
12
13
14
15
32
33
34
35
36
37
38
39
40
41
42
43
44
45
46
47
64
65
66
67
68
69
70
71
72
73
74
75
76
77
78
79
96
97
98
99
100
101
102
103
104
105
106
107
108
109
110
111
