Non-zero bins for j_upper=3, j_lower=4:
-112
-111
-110
-109
-108
-107
-106
-105
-104
-103
-102
-101
-100
-99
-98
-97
-80
-79
-78
-77
-76
-75
-74
-73
-72
-71
-70
-69
-68
-67
-66
-65
-48
-47
-46
-45
-44
-43
-42
-41
-40
-39
-38
-37
-36
-35
-34
-33
-16
-15
-14
-13
-12
-11
-10
-9
-8
-7
-6
-5
-4
-3
-2
-1
16
17
18
19
20
21
22
23
24
25
26
27
28
29
30
31
48
49
50
51
52
53
54
55
56
57
58
59
60
61
62
63
80
81
82
83
84
85
86
87
88
89
90
91
92
93
94
95
112
113
114
115
116
117
118
119
120
121
122
123
124
125
126
127
